# Created by Octave 10.3.0, Wed Dec 10 16:41:03 2025 PST <rhom@FAT>
# name: Cp
# type: matrix
# rows: 14
# columns: 1
 1.0029999999999999
 1.0049999999999999
 1.008
 1.0129999999999999
 1.02
 1.0289999999999999
 1.04
 1.0509999999999999
 1.0629999999999999
 1.075
 1.087
 1.099
 1.121
 1.1419999999999999


# name: Cv
# type: matrix
# rows: 14
# columns: 1
 0.71599999999999997
 0.71799999999999997
 0.72099999999999997
 0.72599999999999998
 0.73299999999999998
 0.74199999999999999
 0.753
 0.76400000000000001
 0.77600000000000002
 0.78800000000000003
 0.80000000000000004
 0.81200000000000006
 0.83399999999999996
 0.85499999999999998


# name: T
# type: matrix
# rows: 14
# columns: 1
 250
 300
 350
 400
 450
 500
 550
 600
 650
 700
 750
 800
 900
 1000


# name: ans
# type: matrix
# rows: 1
# columns: 2
 0.00019690754516471862 0.93866843783209353


# name: cpT
# type: matrix
# rows: 14
# columns: 5
 250 1.0029999999999999 0.71599999999999997 1.401 0
 300 1.0049999999999999 0.71799999999999997 1.3999999999999999 0
 350 1.008 0.72099999999999997 1.3979999999999999 0
 400 1.0129999999999999 0.72599999999999998 1.395 0
 450 1.02 0.73299999999999998 1.391 0
 500 1.0289999999999999 0.74199999999999999 1.387 0
 550 1.04 0.753 1.381 0
 600 1.0509999999999999 0.76400000000000001 1.3759999999999999 0
 650 1.0629999999999999 0.77600000000000002 1.3700000000000001 0
 700 1.075 0.78800000000000003 1.3640000000000001 0
 750 1.087 0.80000000000000004 1.359 0
 800 1.099 0.81200000000000006 1.3540000000000001 0
 900 1.121 0.83399999999999996 1.3440000000000001 0
 1000 1.1419999999999999 0.85499999999999998 1.3360000000000001 0


# name: cpcvk
# type: matrix
# rows: 16
# columns: 1
 250
 1.0029999999999999
 0.71599999999999997
 1.401
 1.0389999999999999
 0.74199999999999999
 1.3999999999999999
 0.91300000000000003
 0.65300000000000002
 1.3979999999999999
 250
 300
 1.0049999999999999
 0.71799999999999997
 1.3999999999999999
 1.0389999999999999


# name: k
# type: matrix
# rows: 14
# columns: 1
 1.401
 1.3999999999999999
 1.3979999999999999
 1.395
 1.391
 1.387
 1.381
 1.3759999999999999
 1.3700000000000001
 1.3640000000000001
 1.359
 1.3540000000000001
 1.3440000000000001
 1.3360000000000001


