# Created by Octave 10.3.0, Wed Jan 28 03:18:24 2026 PST <rhom@FAT>
# name: gray
# type: scalar struct
# ndims: 2
 1 1
# length: 2
# name: area
# type: matrix
# rows: 58
# columns: 1
 0.0030000000000000001
 0.064000000000000001
 0.01
 0.0050000000000000001
 0.002
 0.012
 0.0089999999999999993
 0.002
 0.0070000000000000001
 0.021999999999999999
 0.0070000000000000001
 0.036999999999999998
 0.0050000000000000001
 0.002
 0.0080000000000000002
 0.010999999999999999
 0.014999999999999999
 0.001
 0.0050000000000000001
 0.0040000000000000001
 0.001
 0.023
 0.037999999999999999
 0.055
 0.0070000000000000001
 0.001
 0.021000000000000001
 0.010999999999999999
 0.0050000000000000001
 0.002
 0.012
 0.002
 0.0060000000000000001
 0.010999999999999999
 0.024
 0.0060000000000000001
 0.014
 0.0060000000000000001
 0.01
 0.023
 0.058000000000000003
 0.002
 0.019
 0.002
 0.002
 0.014999999999999999
 0.0030000000000000001
 0.025000000000000001
 0.0050000000000000001
 0.0040000000000000001
 0.0030000000000000001
 0.0089999999999999993
 0.001
 0.017000000000000001
 0.012999999999999999
 0.002
 0.01
 0.002


# name: dia
# type: matrix
# rows: 58
# columns: 1
 0.11700000000000001
 0.42199999999999999
 0.14199999999999999
 0.13400000000000001
 0.069000000000000006
 0.192
 0.13200000000000001
 0.089999999999999997
 0.17000000000000001
 0.221
 0.13900000000000001
 0.378
 0.13100000000000001
 0.083000000000000004
 0.13700000000000001
 0.21099999999999999
 0.19800000000000001
 0.055
 0.11799999999999999
 0.106
 0.073999999999999996
 0.23100000000000001
 0.27100000000000002
 0.52300000000000002
 0.14199999999999999
 0.070999999999999994
 0.189
 0.16700000000000001
 0.099000000000000005
 0.056000000000000001
 0.182
 0.068000000000000005
 0.11899999999999999
 0.17699999999999999
 0.27500000000000002
 0.128
 0.20399999999999999
 0.13500000000000001
 0.155
 0.23200000000000001
 0.41299999999999998
 0.070999999999999994
 0.17799999999999999
 0.10299999999999999
 0.074999999999999997
 0.219
 0.087999999999999995
 0.28399999999999997
 0.11
 0.114
 0.079000000000000001
 0.17299999999999999
 0.050999999999999997
 0.19700000000000001
 0.17100000000000001
 0.070000000000000007
 0.19800000000000001
 0.075999999999999998




